********************
psnr:    26.06971948675119
ssim:    0.9203951878007501
fd:    1.0167089836748948
********************